Матрица смежности исходного графа:
0   1   1   0   8   8   2   
1   0   9   7   10  1   0   
1   9   0   0   7   0   0   
0   7   0   0   0   6   3   
8   10  7   0   0   10  0   
8   1   0   6   10  0   0   
2   0   0   3   0   0   0   

Матрица смежности минимального остовного дерева:
0   1   1   0   0   0   2   
1   0   0   0   0   1   0   
1   0   0   0   7   0   0   
0   0   0   0   0   0   3   
0   0   7   0   0   0   0   
0   1   0   0   0   0   0   
2   0   0   3   0   0   0   
